1 0.004954 0.005097 0.004989 0.005062 0.005002 0.004942 0.005071 0.005091 0.005083 0.005082 0.005052 0.005123 0.004967 0.005083 0.004983 0.005137 0.005240 0.005191 0.005067 0.005139 0.005009 0.004926 0.005018 0.005046 0.005078 0.005133 0.004988 0.005092 0.005019 0.005054 0.004992 0.005081 0.004981 0.005071 0.004876 0.005150 0.005053 0.004984 0.004979 0.004974 0.004886 0.005063 0.004913 0.005062 0.005070 0.004984 0.005065 0.004993 0.004930 0.005050 
2 0.006053 0.004293 0.000017 0.000023 0.000023 0.000028 0.000027 0.000027 0.000024 0.000026 0.000022 0.000026 0.000027 0.000028 0.000024 0.000027 0.000027 0.000022 0.000024 0.000021 0.000022 0.000025 0.000029 0.000021 0.000024 0.000027 0.000023 0.000026 0.000023 0.000025 0.000023 0.000025 0.000027 0.000024 0.000024 0.000022 0.000020 0.000025 0.000020 0.000034 0.000026 0.000020 0.000026 0.000028 0.000027 0.000019 0.000025 0.000023 0.000022 0.000029 
3 0.006053 0.004474 0.000014 0.000011 0.000014 0.000017 0.000014 0.000011 0.000011 0.000014 0.000011 0.000011 0.000013 0.000013 0.000015 0.000016 0.000015 0.000010 0.000014 0.000013 0.000017 0.000011 0.000018 0.000011 0.000011 0.000015 0.000012 0.000009 0.000010 0.000014 0.000010 0.000016 0.000016 0.000017 0.000016 0.000011 0.000010 0.000010 0.000014 0.000016 0.000013 0.000015 0.000009 0.000015 0.000011 0.000014 0.000010 0.000013 0.000013 0.000012 
4 0.006054 0.004561 0.000007 0.000007 0.000009 0.000009 0.000007 0.000007 0.000008 0.000010 0.000008 0.000007 0.000010 0.000008 0.000007 0.000011 0.000011 0.000007 0.000011 0.000006 0.000007 0.000007 0.000009 0.000007 0.000008 0.000006 0.000008 0.000006 0.000008 0.000009 0.000006 0.000009 0.000006 0.000009 0.000007 0.000006 0.000007 0.000006 0.000008 0.000009 0.000008 0.000008 0.000007 0.000012 0.000008 0.000010 0.000008 0.000011 0.000006 0.000010 
5 0.006054 0.004581 0.000006 0.000005 0.000007 0.000006 0.000007 0.000006 0.000007 0.000008 0.000006 0.000005 0.000005 0.000007 0.000006 0.000008 0.000007 0.000005 0.000006 0.000005 0.000005 0.000007 0.000007 0.000007 0.000007 0.000005 0.000008 0.000005 0.000006 0.000006 0.000005 0.000006 0.000006 0.000007 0.000007 0.000008 0.000006 0.000006 0.000006 0.000006 0.000007 0.000005 0.000006 0.000010 0.000007 0.000007 0.000007 0.000007 0.000006 0.000009 
6 0.006053 0.004717 0.000004 0.000004 0.000005 0.000004 0.000004 0.000005 0.000005 0.000007 0.000004 0.000003 0.000004 0.000005 0.000003 0.000005 0.000004 0.000006 0.000004 0.000005 0.000005 0.000007 0.000005 0.000005 0.000006 0.000004 0.000006 0.000003 0.000005 0.000006 0.000004 0.000005 0.000005 0.000005 0.000006 0.000005 0.000003 0.000004 0.000003 0.000005 0.000005 0.000007 0.000005 0.000006 0.000005 0.000006 0.000005 0.000007 0.000004 0.000006 
7 0.006054 0.004740 0.000004 0.000004 0.000004 0.000004 0.000003 0.000005 0.000005 0.000006 0.000003 0.000003 0.000005 0.000005 0.000005 0.000006 0.000004 0.000005 0.000003 0.000003 0.000005 0.000005 0.000005 0.000004 0.000006 0.000004 0.000005 0.000004 0.000006 0.000005 0.000004 0.000005 0.000004 0.000006 0.000006 0.000004 0.000003 0.000004 0.000003 0.000004 0.000005 0.000007 0.000004 0.000004 0.000004 0.000005 0.000005 0.000007 0.000004 0.000005 
8 0.006053 0.004708 0.000004 0.000003 0.000004 0.000003 0.000003 0.000004 0.000004 0.000004 0.000003 0.000002 0.000004 0.000005 0.000004 0.000003 0.000003 0.000004 0.000003 0.000004 0.000004 0.000003 0.000004 0.000004 0.000005 0.000003 0.000004 0.000004 0.000004 0.000004 0.000003 0.000004 0.000003 0.000004 0.000004 0.000003 0.000003 0.000003 0.000002 0.000004 0.000004 0.000004 0.000004 0.000004 0.000004 0.000004 0.000003 0.000005 0.000003 0.000004 
9 0.006054 0.004766 0.000004 0.000002 0.000003 0.000002 0.000002 0.000004 0.000004 0.000003 0.000003 0.000002 0.000004 0.000004 0.000004 0.000003 0.000003 0.000004 0.000003 0.000003 0.000003 0.000003 0.000004 0.000004 0.000004 0.000003 0.000003 0.000003 0.000004 0.000003 0.000002 0.000003 0.000003 0.000003 0.000004 0.000004 0.000002 0.000002 0.000002 0.000003 0.000003 0.000004 0.000003 0.000003 0.000004 0.000003 0.000003 0.000005 0.000003 0.000003 
10 0.006053 0.004744 0.000003 0.000002 0.000002 0.000002 0.000002 0.000004 0.000004 0.000003 0.000004 0.000002 0.000003 0.000003 0.000004 0.000002 0.000003 0.000003 0.000003 0.000002 0.000003 0.000003 0.000003 0.000003 0.000003 0.000003 0.000003 0.000002 0.000003 0.000002 0.000002 0.000002 0.000002 0.000003 0.000003 0.000003 0.000002 0.000002 0.000002 0.000003 0.000003 0.000004 0.000003 0.000003 0.000003 0.000002 0.000003 0.000004 0.000003 0.000002 
11 0.006053 0.004930 0.000002 0.000002 0.000002 0.000002 0.000002 0.000003 0.000004 0.000003 0.000003 0.000002 0.000002 0.000003 0.000004 0.000002 0.000003 0.000002 0.000002 0.000002 0.000003 0.000002 0.000003 0.000002 0.000002 0.000002 0.000002 0.000002 0.000003 0.000003 0.000002 0.000002 0.000002 0.000002 0.000003 0.000003 0.000002 0.000002 0.000002 0.000003 0.000002 0.000005 0.000003 0.000002 0.000003 0.000002 0.000002 0.000004 0.000002 0.000002 
