1 0.004954 0.005097 0.004989 0.005062 0.005002 0.004942 0.005071 0.005091 0.005083 0.005082 0.005052 0.005123 0.004967 0.005083 0.004983 0.005137 0.005240 0.005191 0.005067 0.005139 0.005009 0.004926 0.005018 0.005046 0.005078 0.005133 0.004988 0.005092 0.005019 0.005054 0.004992 0.005081 0.004981 0.005071 0.004876 0.005150 0.005053 0.004984 0.004979 0.004974 0.004886 0.005063 0.004913 0.005062 0.005070 0.004984 0.005065 0.004993 0.004930 0.005050 
2 0.004877 0.004371 0.000118 0.000106 0.000117 0.000125 0.000108 0.000135 0.000128 0.000107 0.000108 0.000115 0.000102 0.000113 0.000107 0.000121 0.000122 0.000099 0.000112 0.000108 0.000128 0.000113 0.000119 0.000113 0.000117 0.000111 0.000132 0.000107 0.000113 0.000107 0.000113 0.000118 0.000117 0.000120 0.000116 0.000129 0.000111 0.000109 0.000115 0.000121 0.000122 0.000104 0.000110 0.000120 0.000102 0.000104 0.000138 0.000110 0.000111 0.000112 
3 0.004981 0.004468 0.000098 0.000082 0.000093 0.000087 0.000092 0.000089 0.000110 0.000093 0.000085 0.000088 0.000085 0.000086 0.000068 0.000075 0.000083 0.000087 0.000094 0.000065 0.000085 0.000075 0.000071 0.000075 0.000102 0.000074 0.000095 0.000079 0.000089 0.000084 0.000094 0.000088 0.000093 0.000102 0.000092 0.000088 0.000086 0.000088 0.000093 0.000092 0.000093 0.000068 0.000097 0.000079 0.000074 0.000086 0.000096 0.000089 0.000082 0.000087 
4 0.004998 0.004485 0.000076 0.000080 0.000082 0.000092 0.000085 0.000076 0.000077 0.000085 0.000073 0.000069 0.000086 0.000072 0.000070 0.000070 0.000064 0.000091 0.000080 0.000057 0.000080 0.000064 0.000066 0.000084 0.000077 0.000072 0.000087 0.000062 0.000074 0.000070 0.000072 0.000097 0.000085 0.000080 0.000076 0.000073 0.000083 0.000072 0.000087 0.000067 0.000091 0.000080 0.000076 0.000070 0.000063 0.000075 0.000084 0.000087 0.000067 0.000073 
5 0.005019 0.004536 0.000074 0.000066 0.000066 0.000062 0.000084 0.000065 0.000066 0.000075 0.000057 0.000060 0.000071 0.000066 0.000064 0.000067 0.000057 0.000063 0.000069 0.000050 0.000064 0.000060 0.000061 0.000067 0.000066 0.000065 0.000076 0.000058 0.000068 0.000056 0.000069 0.000088 0.000078 0.000068 0.000068 0.000060 0.000089 0.000066 0.000078 0.000077 0.000072 0.000070 0.000072 0.000059 0.000063 0.000063 0.000079 0.000067 0.000070 0.000067 
6 0.005024 0.004570 0.000066 0.000059 0.000052 0.000065 0.000069 0.000064 0.000061 0.000071 0.000054 0.000076 0.000062 0.000063 0.000061 0.000064 0.000049 0.000057 0.000059 0.000062 0.000055 0.000065 0.000057 0.000066 0.000054 0.000064 0.000064 0.000051 0.000058 0.000052 0.000057 0.000065 0.000064 0.000076 0.000056 0.000052 0.000060 0.000066 0.000058 0.000062 0.000072 0.000065 0.000067 0.000055 0.000057 0.000047 0.000062 0.000064 0.000055 0.000056 
7 0.005027 0.004602 0.000068 0.000053 0.000051 0.000059 0.000068 0.000062 0.000055 0.000068 0.000057 0.000068 0.000055 0.000055 0.000045 0.000057 0.000050 0.000051 0.000060 0.000056 0.000053 0.000053 0.000056 0.000068 0.000051 0.000067 0.000061 0.000049 0.000052 0.000051 0.000053 0.000063 0.000063 0.000067 0.000050 0.000050 0.000059 0.000069 0.000055 0.000061 0.000061 0.000063 0.000059 0.000052 0.000050 0.000051 0.000058 0.000062 0.000055 0.000061 
8 0.005028 0.004598 0.000069 0.000052 0.000042 0.000055 0.000058 0.000064 0.000057 0.000057 0.000056 0.000061 0.000058 0.000051 0.000041 0.000059 0.000047 0.000044 0.000052 0.000042 0.000052 0.000052 0.000059 0.000056 0.000055 0.000062 0.000061 0.000047 0.000046 0.000047 0.000050 0.000054 0.000060 0.000066 0.000042 0.000060 0.000054 0.000063 0.000051 0.000052 0.000063 0.000059 0.000062 0.000060 0.000052 0.000043 0.000050 0.000059 0.000062 0.000067 
9 0.005031 0.004609 0.000062 0.000039 0.000051 0.000048 0.000057 0.000054 0.000052 0.000053 0.000049 0.000059 0.000057 0.000050 0.000038 0.000054 0.000048 0.000038 0.000051 0.000042 0.000044 0.000048 0.000051 0.000056 0.000047 0.000062 0.000051 0.000049 0.000046 0.000036 0.000049 0.000051 0.000056 0.000055 0.000040 0.000053 0.000057 0.000057 0.000056 0.000048 0.000053 0.000052 0.000055 0.000053 0.000052 0.000041 0.000052 0.000045 0.000061 0.000062 
10 0.005036 0.004604 0.000058 0.000037 0.000051 0.000046 0.000055 0.000048 0.000053 0.000047 0.000049 0.000061 0.000051 0.000054 0.000038 0.000046 0.000044 0.000043 0.000048 0.000035 0.000041 0.000046 0.000049 0.000060 0.000040 0.000057 0.000048 0.000050 0.000046 0.000041 0.000050 0.000047 0.000054 0.000050 0.000040 0.000048 0.000050 0.000054 0.000052 0.000046 0.000051 0.000045 0.000055 0.000048 0.000047 0.000043 0.000048 0.000043 0.000045 0.000059 
11 0.005032 0.004587 0.000055 0.000038 0.000050 0.000046 0.000064 0.000049 0.000047 0.000042 0.000046 0.000058 0.000049 0.000045 0.000037 0.000046 0.000042 0.000038 0.000052 0.000036 0.000037 0.000043 0.000049 0.000053 0.000040 0.000061 0.000045 0.000048 0.000045 0.000041 0.000049 0.000048 0.000049 0.000051 0.000039 0.000042 0.000052 0.000050 0.000052 0.000043 0.000047 0.000049 0.000053 0.000047 0.000046 0.000041 0.000049 0.000044 0.000039 0.000053 
