1 0.004954 0.005097 0.004989 0.005062 0.005002 0.004942 0.005071 0.005091 0.005083 0.005082 0.005052 0.005123 0.004967 0.005083 0.004983 0.005137 0.005240 0.005191 0.005067 0.005139 0.005009 0.004926 0.005018 0.005046 0.005078 0.005133 0.004988 0.005092 0.005019 0.005054 0.004992 0.005081 0.004981 0.005071 0.004876 0.005150 0.005053 0.004984 0.004979 0.004974 0.004886 0.005063 0.004913 0.005062 0.005070 0.004984 0.005065 0.004993 0.004930 0.005050 
2 0.009913 0.000010 0.000014 0.000015 0.000013 0.000014 0.000012 0.000011 0.000011 0.000011 0.000013 0.000010 0.000013 0.000010 0.000011 0.000015 0.000011 0.000013 0.000012 0.000011 0.000013 0.000011 0.000012 0.000014 0.000010 0.000010 0.000010 0.000016 0.000011 0.000015 0.000012 0.000012 0.000012 0.000011 0.000012 0.000013 0.000011 0.000012 0.000013 0.000011 0.000012 0.000013 0.000014 0.000011 0.000011 0.000014 0.000012 0.000014 0.000011 0.000014 
3 0.009930 0.000005 0.000007 0.000007 0.000005 0.000006 0.000007 0.000008 0.000006 0.000006 0.000006 0.000006 0.000006 0.000007 0.000007 0.000007 0.000006 0.000006 0.000006 0.000008 0.000007 0.000008 0.000007 0.000006 0.000006 0.000005 0.000007 0.000007 0.000005 0.000006 0.000005 0.000007 0.000006 0.000005 0.000005 0.000006 0.000006 0.000006 0.000007 0.000006 0.000007 0.000005 0.000006 0.000007 0.000005 0.000007 0.000005 0.000006 0.000006 0.000006 
4 0.009932 0.000004 0.000003 0.000005 0.000004 0.000004 0.000003 0.000004 0.000004 0.000004 0.000004 0.000004 0.000005 0.000005 0.000004 0.000004 0.000004 0.000006 0.000004 0.000004 0.000004 0.000005 0.000004 0.000005 0.000004 0.000004 0.000006 0.000005 0.000004 0.000004 0.000004 0.000005 0.000005 0.000003 0.000004 0.000003 0.000004 0.000004 0.000005 0.000005 0.000005 0.000004 0.000004 0.000005 0.000003 0.000004 0.000005 0.000004 0.000004 0.000004 
5 0.009933 0.000002 0.000004 0.000003 0.000004 0.000003 0.000003 0.000003 0.000003 0.000004 0.000003 0.000003 0.000003 0.000004 0.000003 0.000003 0.000003 0.000004 0.000002 0.000003 0.000003 0.000004 0.000003 0.000003 0.000003 0.000003 0.000005 0.000003 0.000003 0.000003 0.000004 0.000003 0.000003 0.000003 0.000003 0.000003 0.000003 0.000004 0.000003 0.000004 0.000004 0.000003 0.000003 0.000003 0.000003 0.000004 0.000004 0.000003 0.000002 0.000003 
6 0.009934 0.000002 0.000003 0.000003 0.000002 0.000002 0.000002 0.000003 0.000003 0.000003 0.000003 0.000003 0.000003 0.000003 0.000003 0.000003 0.000003 0.000003 0.000002 0.000002 0.000003 0.000003 0.000003 0.000002 0.000003 0.000003 0.000003 0.000002 0.000003 0.000003 0.000004 0.000002 0.000003 0.000002 0.000002 0.000004 0.000003 0.000003 0.000003 0.000003 0.000003 0.000002 0.000003 0.000002 0.000002 0.000003 0.000003 0.000002 0.000002 0.000003 
7 0.009934 0.000002 0.000003 0.000002 0.000002 0.000002 0.000002 0.000002 0.000002 0.000001 0.000002 0.000002 0.000003 0.000003 0.000003 0.000001 0.000002 0.000002 0.000001 0.000002 0.000002 0.000002 0.000002 0.000002 0.000003 0.000002 0.000003 0.000003 0.000002 0.000002 0.000003 0.000002 0.000002 0.000002 0.000002 0.000002 0.000002 0.000002 0.000003 0.000002 0.000003 0.000002 0.000002 0.000001 0.000002 0.000002 0.000003 0.000002 0.000002 0.000002 
8 0.009934 0.000002 0.000003 0.000002 0.000002 0.000002 0.000002 0.000002 0.000002 0.000001 0.000002 0.000002 0.000002 0.000002 0.000002 0.000001 0.000002 0.000002 0.000001 0.000002 0.000002 0.000002 0.000002 0.000002 0.000002 0.000002 0.000002 0.000002 0.000002 0.000002 0.000002 0.000001 0.000002 0.000001 0.000001 0.000002 0.000001 0.000002 0.000002 0.000002 0.000002 0.000002 0.000001 0.000002 0.000002 0.000002 0.000003 0.000002 0.000002 0.000001 
9 0.009934 0.000002 0.000003 0.000002 0.000002 0.000001 0.000002 0.000001 0.000001 0.000001 0.000001 0.000001 0.000002 0.000002 0.000002 0.000001 0.000002 0.000001 0.000001 0.000002 0.000001 0.000001 0.000002 0.000001 0.000002 0.000002 0.000002 0.000001 0.000001 0.000002 0.000002 0.000001 0.000002 0.000001 0.000001 0.000002 0.000002 0.000002 0.000001 0.000002 0.000002 0.000002 0.000001 0.000001 0.000001 0.000002 0.000002 0.000001 0.000002 0.000001 
10 0.009934 0.000002 0.000002 0.000002 0.000002 0.000001 0.000002 0.000001 0.000001 0.000001 0.000001 0.000001 0.000002 0.000002 0.000001 0.000001 0.000002 0.000001 0.000001 0.000001 0.000001 0.000001 0.000001 0.000001 0.000002 0.000001 0.000002 0.000001 0.000001 0.000002 0.000002 0.000001 0.000002 0.000001 0.000001 0.000002 0.000002 0.000002 0.000001 0.000002 0.000002 0.000001 0.000001 0.000002 0.000001 0.000001 0.000002 0.000001 0.000001 0.000001 
11 0.009934 0.000001 0.000002 0.000002 0.000001 0.000001 0.000001 0.000001 0.000001 0.000001 0.000001 0.000001 0.000002 0.000002 0.000001 0.000001 0.000002 0.000001 0.000001 0.000001 0.000002 0.000001 0.000001 0.000001 0.000002 0.000001 0.000002 0.000001 0.000001 0.000002 0.000002 0.000001 0.000002 0.000002 0.000001 0.000002 0.000002 0.000001 0.000001 0.000001 0.000001 0.000001 0.000001 0.000001 0.000001 0.000001 0.000001 0.000001 0.000001 0.000001 
