1 0.004954 0.005097 0.004989 0.005062 0.005002 0.004942 0.005071 0.005091 0.005083 0.005082 0.005052 0.005123 0.004967 0.005083 0.004983 0.005137 0.005240 0.005191 0.005067 0.005139 0.005009 0.004926 0.005018 0.005046 0.005078 0.005133 0.004988 0.005092 0.005019 0.005054 0.004992 0.005081 0.004981 0.005071 0.004876 0.005150 0.005053 0.004984 0.004979 0.004974 0.004886 0.005063 0.004913 0.005062 0.005070 0.004984 0.005065 0.004993 0.004930 0.005050 
2 0.001290 0.001871 0.000116 0.000082 0.000097 0.000111 0.000132 0.000096 0.000096 0.000107 0.000092 0.000096 0.000125 0.000108 0.000105 0.000099 0.000116 0.000105 0.000099 0.000111 0.000102 0.000103 0.000104 0.000104 0.000110 0.000125 0.000100 0.000119 0.000094 0.000114 0.000114 0.000110 0.000092 0.000107 0.000113 0.000115 0.000116 0.000110 0.000097 0.000115 0.000113 0.000106 0.000109 0.000095 0.000118 0.000101 0.000099 0.000110 0.000109 0.000095 
3 0.001193 0.002253 0.000062 0.000074 0.000077 0.000084 0.000073 0.000079 0.000077 0.000064 0.000081 0.000069 0.000085 0.000082 0.000063 0.000082 0.000087 0.000088 0.000073 0.000072 0.000075 0.000097 0.000071 0.000079 0.000098 0.000105 0.000073 0.000068 0.000073 0.000075 0.000073 0.000075 0.000069 0.000068 0.000089 0.000099 0.000085 0.000092 0.000087 0.000073 0.000085 0.000079 0.000087 0.000071 0.000099 0.000068 0.000064 0.000086 0.000097 0.000066 
4 0.001274 0.002401 0.000053 0.000074 0.000072 0.000065 0.000061 0.000059 0.000052 0.000060 0.000081 0.000059 0.000077 0.000075 0.000051 0.000057 0.000072 0.000069 0.000058 0.000064 0.000063 0.000062 0.000065 0.000067 0.000071 0.000086 0.000048 0.000058 0.000063 0.000071 0.000069 0.000059 0.000061 0.000060 0.000063 0.000066 0.000070 0.000079 0.000090 0.000057 0.000071 0.000061 0.000076 0.000075 0.000079 0.000063 0.000059 0.000059 0.000062 0.000058 
5 0.001484 0.001930 0.000052 0.000063 0.000069 0.000053 0.000060 0.000067 0.000060 0.000060 0.000053 0.000062 0.000066 0.000067 0.000053 0.000048 0.000062 0.000061 0.000049 0.000052 0.000061 0.000054 0.000067 0.000061 0.000060 0.000069 0.000049 0.000054 0.000053 0.000061 0.000064 0.000053 0.000058 0.000057 0.000062 0.000055 0.000067 0.000063 0.000066 0.000063 0.000067 0.000057 0.000073 0.000074 0.000061 0.000061 0.000054 0.000064 0.000057 0.000053 
6 0.001295 0.001789 0.000045 0.000059 0.000071 0.000067 0.000050 0.000049 0.000055 0.000054 0.000049 0.000063 0.000059 0.000058 0.000057 0.000046 0.000056 0.000053 0.000044 0.000054 0.000058 0.000062 0.000066 0.000053 0.000055 0.000059 0.000055 0.000046 0.000042 0.000052 0.000045 0.000049 0.000047 0.000048 0.000056 0.000059 0.000067 0.000056 0.000048 0.000055 0.000065 0.000049 0.000055 0.000055 0.000058 0.000060 0.000044 0.000061 0.000053 0.000052 
7 0.001361 0.001782 0.000041 0.000051 0.000053 0.000056 0.000047 0.000046 0.000045 0.000043 0.000052 0.000059 0.000054 0.000053 0.000053 0.000046 0.000047 0.000053 0.000046 0.000049 0.000053 0.000059 0.000056 0.000052 0.000062 0.000057 0.000050 0.000041 0.000043 0.000053 0.000042 0.000048 0.000046 0.000038 0.000057 0.000052 0.000055 0.000060 0.000050 0.000046 0.000058 0.000043 0.000055 0.000046 0.000057 0.000051 0.000039 0.000052 0.000051 0.000047 
8 0.001387 0.001673 0.000040 0.000057 0.000064 0.000042 0.000046 0.000046 0.000048 0.000041 0.000044 0.000055 0.000051 0.000049 0.000054 0.000042 0.000049 0.000056 0.000051 0.000052 0.000044 0.000055 0.000050 0.000048 0.000049 0.000051 0.000040 0.000036 0.000049 0.000050 0.000048 0.000051 0.000058 0.000062 0.000057 0.000051 0.000051 0.000060 0.000053 0.000046 0.000052 0.000043 0.000062 0.000047 0.000052 0.000053 0.000044 0.000047 0.000048 0.000040 
9 0.001393 0.001715 0.000039 0.000052 0.000067 0.000041 0.000042 0.000047 0.000045 0.000040 0.000043 0.000047 0.000041 0.000050 0.000054 0.000035 0.000044 0.000056 0.000042 0.000049 0.000042 0.000050 0.000048 0.000041 0.000034 0.000044 0.000039 0.000034 0.000040 0.000041 0.000046 0.000045 0.000049 0.000049 0.000050 0.000047 0.000046 0.000058 0.000054 0.000046 0.000047 0.000037 0.000050 0.000044 0.000047 0.000057 0.000039 0.000047 0.000046 0.000041 
10 0.001459 0.001722 0.000037 0.000050 0.000052 0.000040 0.000036 0.000048 0.000045 0.000042 0.000034 0.000050 0.000040 0.000047 0.000050 0.000034 0.000039 0.000053 0.000038 0.000047 0.000038 0.000047 0.000043 0.000042 0.000036 0.000043 0.000039 0.000031 0.000039 0.000037 0.000043 0.000034 0.000043 0.000050 0.000042 0.000046 0.000045 0.000057 0.000059 0.000041 0.000043 0.000035 0.000041 0.000043 0.000053 0.000048 0.000038 0.000051 0.000042 0.000041 
11 0.001305 0.001545 0.000037 0.000044 0.000045 0.000040 0.000043 0.000034 0.000046 0.000040 0.000035 0.000039 0.000041 0.000048 0.000047 0.000033 0.000040 0.000053 0.000039 0.000046 0.000038 0.000047 0.000043 0.000036 0.000034 0.000043 0.000039 0.000028 0.000040 0.000038 0.000043 0.000032 0.000045 0.000053 0.000040 0.000050 0.000045 0.000058 0.000049 0.000039 0.000043 0.000039 0.000039 0.000040 0.000055 0.000048 0.000042 0.000043 0.000052 0.000041 
