1 0.004954 0.005097 0.004989 0.005062 0.005002 0.004942 0.005071 0.005091 0.005083 0.005082 0.005052 0.005123 0.004967 0.005083 0.004983 0.005137 0.005240 0.005191 0.005067 0.005139 0.005009 0.004926 0.005018 0.005046 0.005078 0.005133 0.004988 0.005092 0.005019 0.005054 0.004992 0.005081 0.004981 0.005071 0.004876 0.005150 0.005053 0.004984 0.004979 0.004974 0.004886 0.005063 0.004913 0.005062 0.005070 0.004984 0.005065 0.004993 0.004930 0.005050 
2 0.004629 0.004233 0.000034 0.000062 0.000004 0.000004 0.000035 0.000005 0.000006 0.000006 0.000006 0.000005 0.000005 0.000005 0.000008 0.000035 0.000005 0.000035 0.000006 0.000033 0.000035 0.000005 0.000005 0.000005 0.000005 0.000035 0.000005 0.000006 0.000006 0.000005 0.000005 0.000034 0.000006 0.000008 0.000006 0.000006 0.000005 0.000005 0.000004 0.000005 0.000006 0.000005 0.000007 0.000006 0.000006 0.000005 0.000005 0.000005 0.000008 0.000005 
3 0.004859 0.004204 0.000003 0.000002 0.000031 0.000004 0.000003 0.000002 0.000002 0.000030 0.000003 0.000003 0.000003 0.000031 0.000003 0.000031 0.000002 0.000004 0.000003 0.000031 0.000003 0.000004 0.000030 0.000061 0.000003 0.000003 0.000003 0.000030 0.000061 0.000003 0.000002 0.000060 0.000003 0.000003 0.000003 0.000003 0.000003 0.000002 0.000003 0.000003 0.000003 0.000002 0.000003 0.000032 0.000032 0.000003 0.000004 0.000004 0.000004 0.000004 
4 0.004786 0.004358 0.000002 0.000002 0.000002 0.000003 0.000030 0.000003 0.000002 0.000002 0.000002 0.000003 0.000031 0.000002 0.000002 0.000003 0.000030 0.000030 0.000002 0.000002 0.000002 0.000002 0.000002 0.000002 0.000002 0.000002 0.000003 0.000002 0.000002 0.000059 0.000030 0.000002 0.000031 0.000003 0.000003 0.000031 0.000003 0.000003 0.000003 0.000002 0.000030 0.000002 0.000002 0.000002 0.000002 0.000004 0.000002 0.000002 0.000002 0.000002 
5 0.004909 0.004314 0.000001 0.000029 0.000002 0.000001 0.000001 0.000001 0.000058 0.000002 0.000001 0.000001 0.000001 0.000001 0.000001 0.000001 0.000001 0.000001 0.000030 0.000029 0.000002 0.000002 0.000001 0.000001 0.000002 0.000030 0.000001 0.000001 0.000002 0.000001 0.000002 0.000030 0.000001 0.000001 0.000002 0.000001 0.000001 0.000001 0.000030 0.000001 0.000029 0.000002 0.000001 0.000001 0.000001 0.000030 0.000001 0.000030 0.000001 0.000001 
6 0.005023 0.004311 0.000001 0.000001 0.000029 0.000001 0.000001 0.000001 0.000001 0.000001 0.000001 0.000001 0.000001 0.000001 0.000001 0.000001 0.000001 0.000001 0.000001 0.000001 0.000001 0.000001 0.000001 0.000001 0.000001 0.000001 0.000029 0.000001 0.000001 0.000001 0.000001 0.000001 0.000001 0.000029 0.000001 0.000001 0.000001 0.000001 0.000001 0.000001 0.000001 0.000001 0.000001 0.000001 0.000001 0.000001 0.000001 0.000001 0.000001 0.000001 
7 0.005054 0.004341 0.000001 0.000001 0.000001 0.000001 0.000001 0.000000 0.000000 0.000000 0.000000 0.000001 0.000001 0.000001 0.000001 0.000000 0.000029 0.000000 0.000001 0.000000 0.000000 0.000001 0.000000 0.000001 0.000000 0.000001 0.000000 0.000001 0.000001 0.000001 0.000000 0.000000 0.000001 0.000001 0.000000 0.000001 0.000001 0.000001 0.000000 0.000000 0.000029 0.000000 0.000000 0.000000 0.000001 0.000000 0.000001 0.000000 0.000000 0.000001 
8 0.005226 0.004397 0.000000 0.000000 0.000000 0.000000 0.000001 0.000000 0.000000 0.000000 0.000000 0.000000 0.000000 0.000000 0.000000 0.000000 0.000000 0.000000 0.000000 0.000000 0.000000 0.000000 0.000000 0.000000 0.000000 0.000000 0.000000 0.000000 0.000000 0.000000 0.000000 0.000000 0.000000 0.000000 0.000000 0.000000 0.000000 0.000001 0.000000 0.000000 0.000000 0.000000 0.000001 0.000001 0.000001 0.000000 0.000000 0.000000 0.000001 0.000000 
9 0.005414 0.004434 0.000000 0.000000 0.000000 0.000000 0.000000 0.000000 0.000000 0.000000 0.000000 0.000000 0.000000 0.000000 0.000000 0.000000 0.000000 0.000000 0.000000 0.000000 0.000000 0.000000 0.000000 0.000000 0.000000 0.000000 0.000000 0.000000 0.000000 0.000000 0.000000 0.000000 0.000000 0.000000 0.000000 0.000000 0.000000 0.000000 0.000000 0.000000 0.000000 0.000000 0.000000 0.000000 0.000000 0.000000 0.000000 0.000000 0.000000 0.000000 
10 0.005389 0.004496 0.000000 0.000000 0.000000 0.000000 0.000000 0.000000 0.000000 0.000000 0.000000 0.000000 0.000000 0.000000 0.000000 0.000000 0.000000 0.000000 0.000000 0.000000 0.000000 0.000000 0.000000 0.000000 0.000000 0.000000 0.000000 0.000000 0.000000 0.000000 0.000000 0.000000 0.000000 0.000000 0.000000 0.000000 0.000000 0.000000 0.000000 0.000000 0.000000 0.000000 0.000000 0.000000 0.000000 0.000000 0.000000 0.000000 0.000000 0.000000 
11 0.005481 0.004528 0.000000 0.000000 0.000000 0.000000 0.000000 0.000000 0.000000 0.000000 0.000000 0.000000 0.000000 0.000000 0.000000 0.000000 0.000000 0.000000 0.000000 0.000000 0.000000 0.000000 0.000000 0.000000 0.000000 0.000000 0.000000 0.000000 0.000000 0.000000 0.000000 0.000000 0.000000 0.000000 0.000000 0.000000 0.000000 0.000000 0.000000 0.000000 0.000000 0.000000 0.000000 0.000000 0.000000 0.000000 0.000000 0.000000 0.000000 0.000000 
