1 0.004954 0.005097 0.004989 0.005062 0.005002 0.004942 0.005071 0.005091 0.005083 0.005082 0.005052 0.005123 0.004967 0.005083 0.004983 0.005137 0.005240 0.005191 0.005067 0.005139 0.005009 0.004926 0.005018 0.005046 0.005078 0.005133 0.004988 0.005092 0.005019 0.005054 0.004992 0.005081 0.004981 0.005071 0.004876 0.005150 0.005053 0.004984 0.004979 0.004974 0.004886 0.005063 0.004913 0.005062 0.005070 0.004984 0.005065 0.004993 0.004930 0.005050 
2 0.005032 0.004587 0.000055 0.000038 0.000050 0.000046 0.000064 0.000049 0.000047 0.000042 0.000046 0.000058 0.000049 0.000045 0.000037 0.000046 0.000042 0.000038 0.000052 0.000036 0.000037 0.000043 0.000049 0.000053 0.000040 0.000061 0.000045 0.000048 0.000045 0.000041 0.000049 0.000048 0.000049 0.000051 0.000039 0.000042 0.000052 0.000050 0.000052 0.000043 0.000047 0.000049 0.000053 0.000047 0.000046 0.000041 0.000049 0.000044 0.000039 0.000053 
3 0.005057 0.004600 0.000037 0.000033 0.000039 0.000025 0.000033 0.000034 0.000028 0.000028 0.000029 0.000043 0.000035 0.000023 0.000029 0.000024 0.000028 0.000037 0.000034 0.000029 0.000038 0.000039 0.000027 0.000036 0.000029 0.000040 0.000045 0.000027 0.000036 0.000027 0.000031 0.000035 0.000032 0.000038 0.000037 0.000037 0.000022 0.000034 0.000041 0.000031 0.000034 0.000030 0.000041 0.000034 0.000042 0.000031 0.000032 0.000032 0.000028 0.000023 
4 0.005063 0.004620 0.000029 0.000026 0.000030 0.000031 0.000026 0.000021 0.000025 0.000022 0.000021 0.000031 0.000026 0.000021 0.000026 0.000021 0.000025 0.000027 0.000024 0.000026 0.000027 0.000030 0.000019 0.000025 0.000019 0.000033 0.000028 0.000023 0.000027 0.000023 0.000028 0.000016 0.000029 0.000028 0.000025 0.000030 0.000023 0.000027 0.000024 0.000032 0.000035 0.000020 0.000033 0.000026 0.000034 0.000026 0.000024 0.000021 0.000022 0.000026 
5 0.005071 0.004623 0.000023 0.000021 0.000025 0.000029 0.000023 0.000023 0.000024 0.000023 0.000023 0.000027 0.000027 0.000021 0.000024 0.000020 0.000022 0.000022 0.000018 0.000020 0.000023 0.000026 0.000020 0.000019 0.000019 0.000022 0.000025 0.000022 0.000019 0.000019 0.000028 0.000015 0.000030 0.000022 0.000023 0.000031 0.000019 0.000023 0.000026 0.000033 0.000023 0.000015 0.000024 0.000020 0.000027 0.000025 0.000027 0.000019 0.000018 0.000018 
6 0.005077 0.004630 0.000024 0.000013 0.000025 0.000017 0.000023 0.000022 0.000027 0.000023 0.000019 0.000026 0.000018 0.000022 0.000023 0.000026 0.000023 0.000017 0.000016 0.000022 0.000017 0.000016 0.000021 0.000015 0.000023 0.000016 0.000017 0.000019 0.000017 0.000018 0.000023 0.000011 0.000021 0.000025 0.000022 0.000026 0.000016 0.000016 0.000022 0.000027 0.000016 0.000013 0.000024 0.000020 0.000032 0.000020 0.000025 0.000024 0.000016 0.000017 
7 0.005114 0.004609 0.000000 0.000000 0.000000 0.000000 0.000000 0.000000 0.000000 0.000000 0.000000 0.000000 0.000000 0.000000 0.000000 0.000000 0.000000 0.000000 0.000000 0.000000 0.000000 0.000000 0.000000 0.000001 0.000000 0.000000 0.000000 0.000000 0.000000 0.000000 0.000000 0.000000 0.000000 0.000000 0.000000 0.000000 0.000000 0.000000 0.000000 0.000000 0.000000 0.000000 0.000000 0.000000 0.000000 0.000000 0.000000 0.000000 0.000000 0.000000 
8 0.005134 0.004607 0.000000 0.000000 0.000000 0.000000 0.000000 0.000000 0.000000 0.000000 0.000000 0.000000 0.000000 0.000000 0.000000 0.000000 0.000000 0.000000 0.000000 0.000000 0.000000 0.000000 0.000000 0.000000 0.000000 0.000000 0.000000 0.000000 0.000000 0.000000 0.000000 0.000000 0.000000 0.000000 0.000000 0.000000 0.000000 0.000000 0.000000 0.000000 0.000000 0.000000 0.000000 0.000000 0.000000 0.000000 0.000000 0.000000 0.000000 0.000000 
9 0.005139 0.004605 0.000000 0.000000 0.000000 0.000000 0.000000 0.000000 0.000000 0.000000 0.000000 0.000000 0.000001 0.000000 0.000000 0.000000 0.000000 0.000000 0.000000 0.000000 0.000000 0.000000 0.000000 0.000000 0.000000 0.000000 0.000000 0.000000 0.000000 0.000000 0.000000 0.000000 0.000000 0.000000 0.000000 0.000000 0.000000 0.000000 0.000000 0.000000 0.000000 0.000000 0.000000 0.000000 0.000000 0.000000 0.000000 0.000000 0.000000 0.000000 
10 0.005141 0.004605 0.000000 0.000000 0.000000 0.000000 0.000000 0.000000 0.000000 0.000000 0.000000 0.000000 0.000000 0.000000 0.000000 0.000000 0.000000 0.000000 0.000000 0.000000 0.000000 0.000000 0.000000 0.000000 0.000000 0.000000 0.000000 0.000000 0.000000 0.000000 0.000000 0.000000 0.000000 0.000000 0.000000 0.000000 0.000000 0.000000 0.000000 0.000000 0.000000 0.000000 0.000000 0.000000 0.000000 0.000000 0.000000 0.000000 0.000000 0.000000 
11 0.005139 0.004603 0.000000 0.000000 0.000000 0.000000 0.000000 0.000000 0.000000 0.000000 0.000000 0.000000 0.000000 0.000000 0.000000 0.000000 0.000000 0.000000 0.000000 0.000000 0.000000 0.000000 0.000000 0.000000 0.000000 0.000000 0.000000 0.000000 0.000000 0.000000 0.000000 0.000000 0.000000 0.000000 0.000000 0.000000 0.000000 0.000000 0.000000 0.000000 0.000000 0.000000 0.000000 0.000000 0.000000 0.000000 0.000000 0.000000 0.000000 0.000000 
