1 0.081483 0.081503 0.082784 0.081530 0.081802 0.081390 0.082896 0.081053 0.082515 0.082404 0.080668 0.081910 0.083598 0.080488 0.082442 0.080050 0.082181 0.082604 0.082507 0.083604 0.080686 0.080387 0.085131 0.083381 0.081544 0.083099 0.081584 0.083037 0.082232 0.082351 0.083739 0.082228 0.080932 0.082083 0.083306 0.082430 0.083186 0.082791 0.082303 0.082856 0.080732 0.083455 0.082297 0.082168 0.081549 0.085690 0.083034 0.082986 0.083132 0.083563 
2 0.087264 0.115619 0.000019 0.000000 0.000060 0.000088 0.000075 0.000006 0.000008 0.000006 0.000000 0.000097 0.000014 0.000107 0.000091 0.000000 0.000003 0.000023 0.000051 0.000025 0.000000 0.000017 0.000045 0.000003 0.000190 0.000218 0.000071 0.000000 0.000037 0.000040 0.000023 0.000000 0.000020 0.000000 0.000196 0.000102 0.000000 0.000000 0.000000 0.000102 0.000141 0.000064 0.000125 0.000073 0.000050 0.000006 0.000074 0.000045 0.000011 0.000065 
3 0.086506 0.115828 0.000075 0.000006 0.000000 0.000006 0.000000 0.000068 0.000072 0.000084 0.000000 0.000000 0.000026 0.000125 0.000032 0.000000 0.000080 0.000000 0.000019 0.000013 0.000000 0.000062 0.000000 0.000086 0.000019 0.000003 0.000000 0.000070 0.000070 0.000000 0.000069 0.000073 0.000040 0.000000 0.000000 0.000000 0.000080 0.000038 0.000005 0.000058 0.000000 0.000062 0.000077 0.000071 0.000098 0.000063 0.000000 0.000032 0.000000 0.000000 
4 0.084148 0.112048 0.000000 0.000000 0.000070 0.000000 0.000000 0.000000 0.000000 0.000000 0.000000 0.000000 0.000000 0.000000 0.000000 0.000044 0.000000 0.000014 0.000000 0.000019 0.000000 0.000032 0.000135 0.000000 0.000000 0.000000 0.000000 0.000027 0.000000 0.000000 0.000000 0.000000 0.000000 0.000006 0.000000 0.000000 0.000000 0.000000 0.000000 0.000000 0.000000 0.000000 0.000000 0.000000 0.000028 0.000003 0.000066 0.000063 0.000000 0.000000 
5 0.083274 0.109446 0.000000 0.000000 0.000000 0.000000 0.000000 0.000000 0.000000 0.000059 0.000000 0.000000 0.000000 0.000000 0.000000 0.000000 0.000000 0.000000 0.000000 0.000000 0.000000 0.000000 0.000000 0.000031 0.000000 0.000003 0.000000 0.000000 0.000000 0.000000 0.000006 0.000000 0.000000 0.000000 0.000000 0.000000 0.000000 0.000000 0.000000 0.000000 0.000000 0.000000 0.000000 0.000000 0.000000 0.000000 0.000000 0.000000 0.000000 0.000000 
6 0.081731 0.107805 0.000000 0.000000 0.000000 0.000000 0.000000 0.000000 0.000000 0.000000 0.000000 0.000000 0.000048 0.000000 0.000000 0.000000 0.000000 0.000000 0.000000 0.000000 0.000000 0.000003 0.000000 0.000000 0.000000 0.000000 0.000000 0.000000 0.000003 0.000000 0.000000 0.000000 0.000000 0.000000 0.000000 0.000000 0.000000 0.000000 0.000000 0.000000 0.000000 0.000000 0.000000 0.000000 0.000000 0.000000 0.000000 0.000000 0.000000 0.000000 
7 0.080810 0.105969 0.000000 0.000000 0.000000 0.000000 0.000000 0.000000 0.000000 0.000000 0.000000 0.000000 0.000000 0.000000 0.000000 0.000000 0.000000 0.000000 0.000000 0.000000 0.000000 0.000000 0.000000 0.000000 0.000000 0.000000 0.000000 0.000000 0.000000 0.000000 0.000000 0.000000 0.000000 0.000000 0.000000 0.000000 0.000000 0.000000 0.000000 0.000000 0.000000 0.000000 0.000000 0.000000 0.000000 0.000000 0.000000 0.000000 0.000000 0.000000 
8 0.080482 0.104881 0.000000 0.000000 0.000000 0.000000 0.000000 0.000000 0.000000 0.000000 0.000000 0.000000 0.000000 0.000000 0.000000 0.000000 0.000000 0.000056 0.000000 0.000000 0.000000 0.000000 0.000000 0.000000 0.000000 0.000000 0.000000 0.000000 0.000000 0.000000 0.000000 0.000000 0.000000 0.000000 0.000000 0.000000 0.000000 0.000000 0.000000 0.000000 0.000000 0.000000 0.000000 0.000000 0.000000 0.000000 0.000000 0.000000 0.000000 0.000000 
9 0.079384 0.102519 0.000000 0.000000 0.000000 0.000000 0.000000 0.000000 0.000000 0.000000 0.000000 0.000000 0.000000 0.000000 0.000000 0.000000 0.000000 0.000000 0.000000 0.000000 0.000000 0.000000 0.000000 0.000000 0.000000 0.000000 0.000000 0.000000 0.000000 0.000000 0.000000 0.000000 0.000000 0.000000 0.000000 0.000000 0.000000 0.000000 0.000000 0.000000 0.000000 0.000000 0.000000 0.000000 0.000000 0.000000 0.000000 0.000000 0.000000 0.000000 
10 0.079145 0.101641 0.000000 0.000000 0.000000 0.000000 0.000000 0.000000 0.000000 0.000000 0.000000 0.000000 0.000000 0.000000 0.000000 0.000000 0.000000 0.000000 0.000000 0.000000 0.000000 0.000000 0.000000 0.000000 0.000000 0.000000 0.000000 0.000000 0.000000 0.000000 0.000000 0.000000 0.000000 0.000000 0.000000 0.000000 0.000000 0.000000 0.000000 0.000000 0.000000 0.000000 0.000000 0.000000 0.000000 0.000000 0.000000 0.000000 0.000000 0.000000 
11 0.079010 0.101504 0.000000 0.000000 0.000000 0.000000 0.000000 0.000000 0.000000 0.000000 0.000000 0.000000 0.000000 0.000000 0.000000 0.000000 0.000000 0.000000 0.000000 0.000000 0.000000 0.000000 0.000000 0.000000 0.000000 0.000000 0.000000 0.000000 0.000000 0.000000 0.000000 0.000000 0.000000 0.000000 0.000000 0.000000 0.000000 0.000000 0.000000 0.000000 0.000000 0.000000 0.000000 0.000000 0.000000 0.000000 0.000000 0.000000 0.000000 0.000000 
