1 0.081483 0.081503 0.082784 0.081530 0.081802 0.081390 0.082896 0.081053 0.082515 0.082404 0.080668 0.081910 0.083598 0.080488 0.082442 0.080050 0.082181 0.082604 0.082507 0.083604 0.080686 0.080387 0.085131 0.083381 0.081544 0.083099 0.081584 0.083037 0.082232 0.082351 0.083739 0.082228 0.080932 0.082083 0.083306 0.082430 0.083186 0.082791 0.082303 0.082856 0.080732 0.083455 0.082297 0.082168 0.081549 0.085690 0.083034 0.082986 0.083132 0.083563 
2 0.005268 0.006803 0.000006 0.000004 0.000005 0.000006 0.000006 0.000005 0.000005 0.000005 0.000004 0.000005 0.000006 0.000005 0.000005 0.000005 0.000005 0.000005 0.000005 0.000005 0.000005 0.000005 0.000005 0.000005 0.000005 0.000005 0.000005 0.000006 0.000005 0.000006 0.000005 0.000005 0.000004 0.000005 0.000006 0.000006 0.000005 0.000005 0.000005 0.000005 0.000005 0.000005 0.000005 0.000005 0.000005 0.000004 0.000005 0.000005 0.000005 0.000005 
3 0.005584 0.005502 0.000002 0.000002 0.000002 0.000002 0.000002 0.000002 0.000002 0.000002 0.000003 0.000002 0.000002 0.000002 0.000002 0.000002 0.000002 0.000003 0.000002 0.000002 0.000002 0.000003 0.000002 0.000002 0.000002 0.000003 0.000002 0.000002 0.000002 0.000002 0.000002 0.000002 0.000002 0.000002 0.000003 0.000003 0.000002 0.000002 0.000003 0.000002 0.000002 0.000002 0.000003 0.000002 0.000003 0.000002 0.000002 0.000002 0.000003 0.000002 
4 0.004043 0.003868 0.000001 0.000001 0.000002 0.000001 0.000001 0.000001 0.000001 0.000001 0.000002 0.000001 0.000002 0.000002 0.000001 0.000001 0.000001 0.000001 0.000001 0.000001 0.000001 0.000001 0.000001 0.000001 0.000001 0.000002 0.000001 0.000001 0.000001 0.000002 0.000001 0.000001 0.000001 0.000001 0.000001 0.000001 0.000002 0.000002 0.000002 0.000001 0.000002 0.000001 0.000002 0.000001 0.000002 0.000001 0.000001 0.000001 0.000001 0.000001 
5 0.002540 0.002412 0.000001 0.000001 0.000001 0.000001 0.000001 0.000001 0.000001 0.000001 0.000001 0.000001 0.000001 0.000001 0.000001 0.000001 0.000001 0.000001 0.000001 0.000001 0.000001 0.000001 0.000001 0.000001 0.000001 0.000001 0.000001 0.000001 0.000001 0.000001 0.000001 0.000001 0.000001 0.000001 0.000001 0.000001 0.000001 0.000001 0.000001 0.000001 0.000001 0.000001 0.000001 0.000001 0.000001 0.000001 0.000001 0.000001 0.000001 0.000001 
6 0.002060 0.001939 0.000001 0.000001 0.000002 0.000001 0.000001 0.000001 0.000001 0.000001 0.000001 0.000001 0.000001 0.000001 0.000001 0.000001 0.000001 0.000001 0.000001 0.000001 0.000001 0.000001 0.000001 0.000001 0.000001 0.000001 0.000001 0.000001 0.000001 0.000001 0.000001 0.000001 0.000001 0.000001 0.000001 0.000001 0.000001 0.000001 0.000001 0.000001 0.000001 0.000001 0.000001 0.000001 0.000001 0.000001 0.000001 0.000001 0.000001 0.000001 
7 0.001903 0.001659 0.000001 0.000001 0.000001 0.000001 0.000001 0.000001 0.000001 0.000001 0.000001 0.000001 0.000001 0.000001 0.000001 0.000001 0.000001 0.000001 0.000001 0.000001 0.000001 0.000001 0.000001 0.000001 0.000001 0.000001 0.000001 0.000001 0.000001 0.000001 0.000001 0.000001 0.000001 0.000001 0.000001 0.000001 0.000001 0.000001 0.000001 0.000001 0.000001 0.000001 0.000001 0.000001 0.000001 0.000001 0.000001 0.000001 0.000001 0.000001 
8 0.001545 0.001613 0.000001 0.000001 0.000001 0.000001 0.000001 0.000001 0.000001 0.000001 0.000001 0.000001 0.000001 0.000001 0.000001 0.000001 0.000001 0.000001 0.000001 0.000001 0.000000 0.000001 0.000001 0.000001 0.000001 0.000001 0.000001 0.000000 0.000001 0.000001 0.000001 0.000001 0.000001 0.000001 0.000001 0.000001 0.000001 0.000001 0.000001 0.000001 0.000001 0.000001 0.000001 0.000001 0.000001 0.000001 0.000001 0.000001 0.000001 0.000001 
9 0.001462 0.001173 0.000001 0.000001 0.000001 0.000001 0.000001 0.000001 0.000001 0.000001 0.000001 0.000001 0.000001 0.000001 0.000001 0.000000 0.000001 0.000001 0.000001 0.000001 0.000000 0.000001 0.000001 0.000000 0.000001 0.000001 0.000001 0.000000 0.000000 0.000000 0.000001 0.000001 0.000001 0.000001 0.000001 0.000001 0.000001 0.000001 0.000001 0.000001 0.000001 0.000000 0.000001 0.000000 0.000001 0.000001 0.000001 0.000001 0.000001 0.000000 
10 0.001247 0.001116 0.000001 0.000001 0.000001 0.000000 0.000000 0.000001 0.000001 0.000001 0.000000 0.000001 0.000000 0.000001 0.000001 0.000000 0.000000 0.000001 0.000000 0.000001 0.000000 0.000001 0.000000 0.000000 0.000000 0.000000 0.000000 0.000000 0.000000 0.000000 0.000000 0.000000 0.000001 0.000001 0.000000 0.000001 0.000001 0.000001 0.000001 0.000001 0.000001 0.000000 0.000001 0.000000 0.000001 0.000001 0.000001 0.000001 0.000000 0.000000 
11 0.001061 0.001128 0.000000 0.000000 0.000001 0.000000 0.000001 0.000000 0.000001 0.000000 0.000000 0.000001 0.000001 0.000001 0.000001 0.000000 0.000000 0.000001 0.000000 0.000001 0.000000 0.000001 0.000000 0.000000 0.000000 0.000000 0.000000 0.000000 0.000000 0.000000 0.000000 0.000000 0.000001 0.000001 0.000001 0.000001 0.000001 0.000001 0.000001 0.000001 0.000001 0.000000 0.000001 0.000000 0.000001 0.000001 0.000001 0.000001 0.000001 0.000000 
