1 0.081483 0.081503 0.082784 0.081530 0.081802 0.081390 0.082896 0.081053 0.082515 0.082404 0.080668 0.081910 0.083598 0.080488 0.082442 0.080050 0.082181 0.082604 0.082507 0.083604 0.080686 0.080387 0.085131 0.083381 0.081544 0.083099 0.081584 0.083037 0.082232 0.082351 0.083739 0.082228 0.080932 0.082083 0.083306 0.082430 0.083186 0.082791 0.082303 0.082856 0.080732 0.083455 0.082297 0.082168 0.081549 0.085690 0.083034 0.082986 0.083132 0.083563 
2 0.064747 0.088519 0.000101 0.000093 0.000011 0.000062 0.000019 0.000019 0.000046 0.000137 0.000000 0.000051 0.000073 0.000032 0.000094 0.000097 0.000024 0.000050 0.000011 0.000074 0.000208 0.000000 0.000043 0.000204 0.000029 0.000096 0.000013 0.000006 0.000000 0.000050 0.000000 0.000041 0.000022 0.000014 0.000021 0.000083 0.000047 0.000096 0.000053 0.000006 0.000019 0.000011 0.000078 0.000058 0.000061 0.000049 0.000000 0.000062 0.000072 0.000000 
3 0.064389 0.088804 0.000057 0.000038 0.000066 0.000071 0.000038 0.000064 0.000000 0.000065 0.000140 0.000000 0.000068 0.000003 0.000000 0.000068 0.000021 0.000057 0.000042 0.000082 0.000000 0.000026 0.000033 0.000069 0.000000 0.000000 0.000006 0.000047 0.000086 0.000070 0.000000 0.000055 0.000000 0.000036 0.000140 0.000129 0.000070 0.000000 0.000100 0.000080 0.000000 0.000010 0.000016 0.000003 0.000019 0.000000 0.000068 0.000124 0.000033 0.000064 
4 0.064429 0.087998 0.000000 0.000000 0.000000 0.000067 0.000003 0.000075 0.000013 0.000000 0.000000 0.000113 0.000003 0.000054 0.000087 0.000081 0.000034 0.000003 0.000000 0.000006 0.000075 0.000083 0.000000 0.000040 0.000000 0.000000 0.000000 0.000058 0.000000 0.000014 0.000080 0.000042 0.000003 0.000051 0.000087 0.000012 0.000006 0.000024 0.000038 0.000000 0.000003 0.000028 0.000000 0.000006 0.000031 0.000090 0.000015 0.000000 0.000041 0.000084 
5 0.064466 0.088669 0.000064 0.000003 0.000000 0.000000 0.000000 0.000034 0.000080 0.000000 0.000000 0.000000 0.000000 0.000006 0.000000 0.000000 0.000069 0.000000 0.000027 0.000003 0.000024 0.000000 0.000018 0.000000 0.000000 0.000003 0.000000 0.000000 0.000000 0.000000 0.000000 0.000065 0.000000 0.000000 0.000067 0.000005 0.000006 0.000139 0.000048 0.000046 0.000003 0.000000 0.000180 0.000046 0.000006 0.000008 0.000000 0.000003 0.000000 0.000044 
6 0.064045 0.088217 0.000000 0.000000 0.000003 0.000006 0.000000 0.000000 0.000000 0.000000 0.000000 0.000000 0.000000 0.000000 0.000050 0.000000 0.000000 0.000000 0.000000 0.000000 0.000000 0.000000 0.000000 0.000000 0.000000 0.000000 0.000003 0.000000 0.000000 0.000066 0.000000 0.000016 0.000000 0.000014 0.000000 0.000000 0.000000 0.000000 0.000021 0.000000 0.000006 0.000000 0.000000 0.000000 0.000000 0.000000 0.000000 0.000065 0.000000 0.000000 
7 0.063426 0.086936 0.000000 0.000073 0.000000 0.000000 0.000000 0.000000 0.000000 0.000000 0.000000 0.000000 0.000000 0.000000 0.000000 0.000000 0.000003 0.000000 0.000000 0.000000 0.000000 0.000000 0.000000 0.000000 0.000000 0.000000 0.000000 0.000000 0.000000 0.000000 0.000000 0.000000 0.000000 0.000000 0.000000 0.000000 0.000006 0.000000 0.000000 0.000000 0.000003 0.000000 0.000000 0.000000 0.000000 0.000000 0.000000 0.000000 0.000000 0.000000 
8 0.063079 0.085899 0.000000 0.000000 0.000000 0.000000 0.000000 0.000000 0.000000 0.000000 0.000000 0.000000 0.000000 0.000000 0.000000 0.000000 0.000000 0.000000 0.000000 0.000000 0.000000 0.000000 0.000000 0.000000 0.000000 0.000000 0.000000 0.000000 0.000000 0.000000 0.000000 0.000000 0.000000 0.000000 0.000000 0.000000 0.000000 0.000000 0.000000 0.000000 0.000000 0.000000 0.000000 0.000000 0.000000 0.000000 0.000000 0.000000 0.000046 0.000000 
9 0.062392 0.085031 0.000000 0.000000 0.000000 0.000000 0.000000 0.000000 0.000000 0.000000 0.000000 0.000000 0.000000 0.000000 0.000000 0.000000 0.000000 0.000000 0.000000 0.000000 0.000000 0.000000 0.000000 0.000000 0.000000 0.000000 0.000000 0.000000 0.000000 0.000000 0.000000 0.000000 0.000000 0.000000 0.000000 0.000000 0.000000 0.000000 0.000000 0.000000 0.000000 0.000000 0.000000 0.000000 0.000000 0.000000 0.000000 0.000000 0.000000 0.000000 
10 0.062867 0.084575 0.000000 0.000000 0.000000 0.000000 0.000000 0.000000 0.000000 0.000000 0.000000 0.000000 0.000000 0.000000 0.000000 0.000000 0.000000 0.000000 0.000000 0.000000 0.000000 0.000000 0.000000 0.000000 0.000000 0.000064 0.000000 0.000000 0.000000 0.000000 0.000000 0.000000 0.000000 0.000000 0.000000 0.000000 0.000000 0.000000 0.000000 0.000000 0.000000 0.000000 0.000000 0.000000 0.000000 0.000000 0.000000 0.000000 0.000000 0.000000 
11 0.061925 0.084084 0.000000 0.000000 0.000000 0.000000 0.000000 0.000000 0.000000 0.000000 0.000000 0.000000 0.000000 0.000000 0.000000 0.000000 0.000000 0.000000 0.000000 0.000000 0.000000 0.000000 0.000000 0.000000 0.000000 0.000000 0.000000 0.000000 0.000000 0.000000 0.000000 0.000000 0.000000 0.000000 0.000000 0.000000 0.000000 0.000000 0.000000 0.000000 0.000000 0.000000 0.000000 0.000000 0.000000 0.000000 0.000000 0.000000 0.000000 0.000000 
